AO-07
1 07530U 74089B   26141.31992461 -.00000054  00000-0 -48931-4 0  9992
2 07530 101.9910 154.2858 0012269 180.6108 191.1977 12.53697584357151
AO-27
1 22825U 93061C   26141.14902361  .00000060  00000-0  39806-4 0  9994
2 22825  98.6890 208.5706 0008550 172.0697 188.0622 14.30933961703139
FO-29
1 24278U 96046B   26141.17662052  .00000000  00000-0  34829-4 0  9991
2 24278  98.5266 353.7450 0350115 166.3802 194.7089 13.53272915469510
ISS
1 25544U 98067A   26141.16510469  .00005835  00000-0  11282-3 0  9994
2 25544  51.6328  73.8715 0007529  81.3651 278.8190 15.49291753567565
SO-50
1 27607U 02058C   26141.24923057  .00000576  00000-0  85866-4 0  9998
2 27607  64.5520 212.3264 0075596 267.4106  91.8345 14.82983020260469
AO-73
1 39444U 13066AE  26140.67569056  .00005251  00000-0  33102-3 0  9992
2 39444  97.8265 111.5579 0034836 298.9376  60.8360 15.09093359675511
IO-86
1 40931U 15052B   25151.18580175  .00001241  00000-0  78118-4 0  9996
2 40931   6.0006  24.0987 0012733 338.8432  21.1169 14.78805930523159
CAS-2T
1 41847U 16066G   26141.22767105  .00000747  00000-0  11439-3 0  9996
2 41847  98.3826 217.2698 0341477 211.1915 146.8610 14.44602449500901
AO-91
1 43017U 17073E   26141.14920854  .00006846  00000-0  30040-3 0  9994
2 43017  97.4737   8.9239 0153707  62.3580 299.3158 15.12168292461300
PO-101
1 43678U 18084H   26141.29344791  .00001820  00000-0  15024-3 0  9998
2 43678  98.1117 336.3444 0011643 262.9976  96.9922 15.00305798412181
QO-100
1 43700U 18090A   26141.23980231  .00000137  00000-0  00000-0 0  9995
2 43700   0.0118 336.9256 0001315 110.7521 263.3265  1.00270752 27401
JO-97
1 43803U 18099AX  26141.14090581  .00011070  00000-0  35283-3 0  9990
2 43803  97.4139 203.8986 0005533  24.8679 335.2828 15.32693080409484
RS-44
1 44909U 19096E   26141.11069286  .00000018  00000-0  30335-4 0  9995
2 44909  82.5230 357.7010 0216952 207.4466 151.5042 12.79748393298881
CSS
1 48274U 21035A   26140.83756287  .00011714  00000-0  14070-3 0  9994
2 48274  41.4676 128.3095 0007409 269.1173  90.8817 15.60706340288892
HO-113
1 50466U 21131B   26141.25853896  .00000178  00000-0  68719-4 0  9990
2 50466  98.4967 233.7959 0004412 162.6945 197.4396 14.41327977231233
MO-122
1 60209U 24125G   26141.13005705  .00035947  00000-0  44164-3 0  9996
2 60209  97.2328 358.0517 0008392 322.0296  38.0369 15.60167895105345
AO-123
1 61781U 24199AY  26141.25011468  .00005723  00000-0  16905-3 0  9990
2 61781  97.3030  10.1671 0015359  51.0042 309.2567 15.35234781129797
TEVEL2-4
1 63213U 25052D   26141.24333679  .00012242  00000-0  37958-3 0  9996
2 63213  97.3929  37.6071 0002719 152.9151 207.2234 15.33556855 65987
TEVEL2-5
1 63214U 25052E   26140.47785421  .00013199  00000-0  41132-3 0  9998
2 63214  97.3929  36.7970 0002537 154.8696 205.2670 15.33379108 65862
TEVEL2-6
1 63215U 25052F   26141.20736035  .00012291  00000-0  38347-3 0  9994
2 63215  97.3929  37.5111 0002713 154.6981 205.4395 15.33360198 65977
TEVEL2-1
1 63217U 25052H   26141.22735829  .00011488  00000-0  36420-3 0  9995
2 63217  97.3904  37.1864 0002222 165.3569 194.7738 15.32865254 65961
TEVEL2-3
1 63218U 25052J   26141.22291693  .00011634  00000-0  36824-3 0  9993
2 63218  97.3903  37.2007 0002198 167.5509 192.5788 15.32914108 65965
TEVEL2-2
1 63219U 25052K   26141.22780412  .00011464  00000-0  36340-3 0  9990
2 63219  97.3905  37.1886 0002145 166.9940 193.1357 15.32871075 65960
TEVEL2-9
1 63237U 25052AD  26141.23647899  .00010909  00000-0  36679-3 0  9990
2 63237  97.3961  36.6291 0004519 222.4473 137.6419 15.30978788 65905
TEVEL2-7
1 63238U 25052AE  26141.14167798  .00010244  00000-0  34757-3 0  9993
2 63238  97.3966  36.4618 0004631 223.0280 137.0600 15.30703398 65886
TEVEL2-8
1 63239U 25052AF  26140.62665423  .00010601  00000-0  35988-3 0  9998
2 63239  97.3970  35.9266 0004500 226.4390 133.6478 15.30674326 65804
SO-125
1 63492U 25052BN  26141.26653903  .06532167  24596-5  20834-2 0  9996
2 63492  97.3646  46.2798 0012082 212.8267 147.2276 16.26141053 66569
Lobachevsky
1 67284U 25313AN  26141.22122790  .00004004  00000-0  17509-3 0  9993
2 67284  97.3923 216.3374 0012401  95.2817 264.9834 15.22582498 21856
QMR-KWT-2
1 67291U 25313AV  26141.19643122  .00009353  00000-0  37148-3 0  9997
2 67291  97.3935 216.7029 0010563  93.2258 267.0189 15.25491718 21878
NO-44
1 26931U 01043C   26141.19889272  .00000074  00000-0  58744-4 0  9992
2 26931  67.0507 314.0755 0006212 263.7257  96.3138 14.31944379286580
IO-117
1 53106U 22080B   25167.32760529 -.00000003  00000-0  00000-0 0  9996
2 53106  70.1560  65.9804 0008358  24.6429 335.4629  6.42557409 68669
SONATE-2
1 59112U 24043Q   26140.96407188  .00025096  00000-0  35382-3 0  9993
2 59112  97.5516 289.7404 0005743 297.2100  62.8569 15.56588225123657
TEN-KOH2
1 88780U 25241B   26071.31019830  .00010367  00000+0  45580-3 0  9997
2 88780  51.6301  60.3795 0004576 163.6979 196.4146 15.22421637   141